Chart 1:

http://chart.apis.google.com/chart?
cht=lc:nda&
chs=460x100&
chf=bg,s,F4F4F4&
chco=5F8FC9&
chls=1.5&
chg=0,-1,1,1&
chxt=y,x&
chxtc=0,0&
chxs=0N*s* ,333333,10|1,333333,10&
chxl=1:|04/12/12|07/29/12|11/14/12&
chxp=1,5,50,95&
chxr=0,0,44848|1,0,100&
chd=t:0.0,1.6,3.1,6.4,13.0,17.7,19.2,20.5,21.8,22.8,24.4,25.0,25.7,26.5,27.3,28.6,29.5,30.2,31.0,32.2,32.7,33.3,34.2,35.1,36.2,36.8,37.4,38.0,38.8,40.1,40.8,41.4,42.2,43.2,43.9,44.7,45.6,46.2,47.4,48.1,48.6,49.0,49.9,51.1,51.7,52.4,53.1,53.9,54.9,55.4,55.8,56.2,56.7,57.0,57.3,57.6,57.9,58.4,58.9,59.3,59.6,59.9,60.4,60.6,60.8,61.0,61.4,61.7,61.9,62.2,62.5,62.8,63.0,63.3,63.5,63.7,64.1,64.4,64.8,65.3,65.7,66.3,66.6,67.0,67.4,67.9,68.4,68.8,69.2,69.6,70.2,70.5,70.7,71.1,71.5,74.4,76.9,78.8,81.1,83.3&
chm=B,dce7eed4,0,0,0|AA,333333,0,0,10|AB,333333,0,0,10

Chart 2:

http://chart.apis.google.com/chart?
cht=lc:nda&
chs=460x100&
chf=bg,s,F4F4F4&
chco=5F8FC9&chls=1.5&
chg=0,-1,1,1&
chxt=y,x&
chxtc=0,0&
chxs=0N*s* ,333333,10|1,333333,10&
chxl=1:|04/12/12|07/29/12|11/14/12&
chxp=1,5,50,95&
chxr=0,0,44848|1,0,100&
chd=t:0.0,1.6,3.1,6.4,13.0,17.7,19.2,20.5,21.8,22.8,24.4,25.0,25.7,26.5,27.3,28.6,29.5,30.2,31.0,32.2,32.7,33.3,34.2,35.1,36.2,36.8,37.4,38.0,38.8,40.1,40.8,41.4,42.2,43.2,43.9,44.7,45.6,46.2,47.4,48.1,48.6,49.0,49.9,51.1,51.7,52.4,53.1,53.9,54.9,55.4,55.8,56.2,56.7,57.0,57.3,57.6,57.9,58.4,58.9,59.3,59.6,59.9,60.4,60.6,60.8,61.0,61.4,61.7,61.9,62.2,62.5,62.8,63.0,63.3,63.5,63.7,64.1,64.4,64.8,65.3,65.7,66.3,66.6,67.0,67.4,67.9,68.4,68.8,69.2,69.6,70.2,70.5,70.7,71.1,71.5,74.4,76.9,78.8,81.1,83.3&
chm=B,dce7eed4,0,0,0|AA,333333,0,0,10|AB,333333,0,0,10|AC,333333,0,0,10|AD,333333,0,0,10|AE,333333,0,0,10|AF,333333,0,0,10|AG,333333,0,1,10|AH,333333,0,1,10|AI,333333,0,1,10|AJ,333333,0,94,10